00 00 00 00 00 00 00 00
00 00 00 00 00 00 00 00
00 00 00 00 00 00 00 00
00 00 00 00 00 00 00 00
00 00 00 00 00 00 00 00
00 00 00 00 00 00 00 00
00 00 00 00 00 00 00 00
00 00 00 00 00 00 00 00
00 00 00 00 00 00 00 00
00 00 00 00 00 00 00 00
00 00 00 00 00 00 00 00
b7 19 40 00 00 00 00 00
73 a9 11 36 00 00 00 00
d3 19 40 00 00 00 00 00
c5 19 40 00 00 00 00 00
06 1a 40 00 00 00 00 00
d9 03 bb 9c 00 00 00 00
01 1a 40 00 00 00 00 00
ac 19 40 00 00 00 00 00
e1 19 40 00 00 00 00 00
81 16 40 00 00 00 00 00
